16
22
19
15
15
22
18
17
14
24
21
23
19
23
22
18
15
21
21
19
30
22
21
17
21
26
15
27
19
17
20
22
19
17
27
15
23
26
21
17
19
24
18
22
22
21
23
14
18
27
18
15
16
19
19
16
17
18
21
25
26
18
21
21
27
19
23
22
19
17
21
16
16
16
20
20
22
16
16
20
19
20
19
18
18
20
20
27
18
26
28
24
24
15
24
16
25
21
20
19
23
18
28
23
23
19
20
18
18
22
27
30
19
27
20
31
23
30
18
28
19
26
18
30
21
16
24
22
17
16
19
22
19
19
21
10
21
26
28
14
27
8
16
13
25
19
15
17
17
26
26
24
16
13
17
23
17
20
17
14
16
20
15
26
18
23
21
16
26
19
17
23
36
17
27
19
31
21
25
22
21
22
19
17
19
16
13
16
25
21
22
15
20
22
26
16
22
28
15
16
13
18
18
19
20
20
17
22
23
13
20
22
23
20
23
13
24
21
20
27
10
14
21
18
20
28
15
16
12
16
18
24
15
19
19
17
12
12
23
21
26
15
23
17
21
23
19
18
15
28
16
18
19
15
22
21
10
20
24
20
16
19
15
10
24
17
23
27
18
15
26
25
19
15
13
24
21
23
26
18
17
15
21
12
12
18
22
20
27
18
17
16
24
19
11
14
17
17
20
22
24
18
19
14
19
13
23
23
20
14
22
21
16
21
21
17
17
17
14
14
17
22
20
26
17
20
18
12
18
20
24
22
15
21
23
20
22
20
27
21
23
13
17
23
28
18
25
12
24
19
16
21
14
25
28
14
24
19
20
26
20
15
25
30
16
17
16
21
21
20
23
23
16
23
21
17
19
17
19
16
30
18
19
16
27
25
18
14
14
20
14
19
16
16
15
24
16
14
29
17
19
18
21
24
12
15
20
24
20
22
20
14
18
16
25
20
19
16
23
24
15
19
21
20
14
25
12
17
18
17
18
21
12
18
20
18
19
16
21
22
20
19
22
17
24
18
19
21
11
25
27
25
32
26
22
19
21
29
15
19
22
21
23
19
17
28
19
21
17
24
20
18
25
21
21
18
20
20
25
23
22
19
23
20
16
19
29
23
22
18
26
17
34
25
19
16
26
20
19
20
29
16
14
20
17
22
25
14
10
21
19
22
22
17
21
22
22
26
25
18
21
22
32
14
16
21
18
26
19
30
16
16
26
27
27
25
22
21
14
18
19
23
21
22
28
14
16
18
24
15
17
15
29
27
20
18
16
20
15
17
18
24
19
20
16
19
21
21
16
18
13
14
24
17
25
17
18
18
15
20
24
23
24
22
19
25
29
22
18
18
15
15
20
22
31
13
24
24
22
20
22
23
24
14
15
22
25
29
18
29
21
24
27
18
20
20
18
19
24
19
23
20
18
26
16
20
15
18
20
18
21
21
20
21
23
18
11
18
26
20
22
16
28
21
24
19
16
24
28
16
19
13
26
16
21
20
26
22
22
24
21
16
15
14
19
28
18
18
16
22
18
21
27
15
21
21
21
20
17
20
28
27
25
18
16
27
21
19
27
24
17
24
20
14
24
19
21
22
26
21
14
10
16
17
20
19
16
14
23
24
18
27
16
21
28
16
18
18
17
23
25
24
14
11
22
21
15
11
19
26
13
18
27
25
22
19
19
21
13
14
22
19
14
19
29
22
14
18
16
19
17
13
16
18
28
13
19
16
18
20
22
14
15
20
30
20
15
24
27
16
16
13
24
16
23
18
18
21
19
20
23
12
19
21
17
26
20
26
14
17
13
25
18
18
8
21
19
23
25
19
23
17
27
21
14
17
12
12
19
28
23
22
19
21
19
18
28
27
29
21
22
23
22
22
18
24
13
27
22
21
21
21
18
20
30
21
23
17
23
14
17
25
17
19
19
18
22
20
23
25
23
21
20
18
18
19
15
9
19
15
23
28
12
18
15
17
24
25
20
30
14
27
21
17
15
20
29
11
13
8
18
14
17
17
14
16
23
17
16
18
24
24
14
16
21
27
20
19
18
23
13
11
16
23
15
20
16
21
19
21
19
28
27
18
21
17
21
14
15
25
27
14
17
18
18
23
13
29
17
23
21
17
20
17
21
11
20
18
21
22
21
14
20
18
18
23
22
24
22
21
14
11
21
19
29
32
19
15
20
25
24
17
8
18
22
12
11
22
19
10
17
21
24
17
21
14
20
16
17
28
19
19
17
14
21
24
25
18
26
23
15
14
24
20
20
16
18
15
23
22
28
26
18
15
21
20
17
19
18
