5
5
7
7
7
6
1
2
0
2
0
3
2
2
2
2
3
1
0
1
4
3
0
4
2
7
1
6
6
7
7
11
13
12
7
11
11
13
10
11
11
9
15
16
20
19
13
11
21
26
25
25
27
19
25
29
23
18
28
26
35
24
34
33
38
39
23
31
36
25
35
25
41
27
25
43
21
27
36
30
44
15
33
28
26
26
19
22
21
23
27
13
18
24
18
16
17
16
12
11
7
9
15
6
8
12
8
7
8
4
5
2
4
3
6
5
3
4
2
1
3
1
2
1
1
1
0
2
3
3
0
5
2
5
3
5
6
5
1
2
5
1
6
5
7
8
13
13
6
11
10
12
11
11
5
7
8
9
14
12
13
18
23
14
14
17
21
14
15
21
22
13
18
19
21
22
14
16
17
30
19
19
24
16
19
18
19
20
18
10
11
17
14
13
15
18
13
12
9
9
9
15
11
6
11
11
6
12
5
7
6
9
6
6
3
6
5
9
4
3
6
8
4
3
0
3
3
3
0
2
3
1
1
0
2
2
2
1
2
1
1
0
1
2
4
4
0
2
2
2
1
4
5
4
4
4
2
4
5
8
6
4
10
3
12
11
5
5
2
7
10
9
8
6
7
9
7
10
7
9
11
14
12
9
7
12
12
11
5
9
12
10
15
6
12
8
4
13
11
13
10
11
14
13
14
21
13
11
12
13
16
15
21
17
19
25
14
20
26
17
30
19
24
14
17
23
18
26
18
18
23
19
14
12
8
8
13
10
8
10
9
13
8
6
8
4
3
5
3
2
1
3
0
1
1
1
4
1
0
2
2
2
3
1
1
2
4
3
1
0
0
2
4
4
2
4
2
3
4
3
2
4
3
5
2
5
4
5
9
2
8
7
6
8
6
4
8
5
6
7
9
10
3
10
11
15
16
19
14
17
26
28
31
23
35
31
42
37
40
37
50
38
55
39
62
47
53
49
50
42
53
54
48
38
56
42
46
52
39
40
49
29
43
28
40
22
40
31
25
18
24
18
9
13
19
10
9
12
8
6
5
5
4
2
0
2
4
1
1
2
1
0
1
2
2
2
0
0
1
3
1
1
3
0
2
2
1
1
1
1
1
2
0
0
3
2
1
3
5
5
1
2
2
6
5
7
6
7
4
14
13
10
15
21
18
32
22
34
32
37
34
29
35
41
34
40
40
57
55
53
55
48
61
54
62
62
66
65
46
57
64
53
69
67
62
61
52
55
58
40
41
39
45
39
44
37
37
35
27
26
23
28
24
16
14
20
14
8
13
15
8
5
7
4
6
5
2
5
6
2
2
0
1
2
3
0
1
0
1
0
2
0
0
0
0
1
1
2
2
0
3
1
3
0
0
4
3
3
7
5
5
5
11
10
17
15
15
32
24
20
24
26
33
24
24
45
39
35
38
46
51
42
51
49
48
58
63
62
58
65
63
71
58
57
59
67
68
74
65
70
81
59
65
51
43
74
45
66
54
61
49
46
31
46
39
38
35
32
35
32
26
22
15
18
18
13
14
11
12
11
13
5
8
6
5
9
3
2
0
4
1
2
2
1
2
0
0
1
0
0
1
0
2
1
2
2
2
0
2
2
2
3
4
8
6
3
8
5
9
10
13
12
16
12
19
22
32
26
16
31
28
47
38
40
39
45
32
41
48
49
54
59
58
62
66
74
72
62
82
57
56
74
74
69
74
70
70
67
76
60
54
53
54
81
45
59
44
53
52
51
51
54
35
35
32
36
36
34
27
23
17
23
25
10
18
18
11
11
10
8
8
9
4
6
1
4
5
4
2
1
1
1
0
1
0
3
1
2
0
0
2
1
3
3
2
0
6
5
6
2
1
10
7
9
14
11
14
12
10
9
11
23
21
29
23
31
20
33
46
41
34
39
53
46
40
42
47
51
45
59
54
63
53
55
63
55
63
70
67
58
72
61
65
51
49
60
51
50
58
60
54
43
45
34
42
45
44
31
38
43
26
35
25
31
28
20
21
16
24
22
18
12
21
10
14
13
7
11
12
4
2
8
2
7
3
4
3
2
1
3
0
3
1
3
2
1
2
2
2
1
2
2
3
1
3
9
3
6
5
7
6
12
6
12
9
13
12
17
17
24
18
27
26
30
33
28
30
32
26
41
27
40
31
33
36
44
46
44
34
47
46
53
50
42
64
59
51
62
56
51
50
45
56
49
55
43
47
47
36
53
34
57
35
34
44
40
37
33
34
32
30
33
19
30
22
22
16
22
19
18
9
12
11
11
10
18
7
4
3
