18
13
14
23
13
24
15
20
23
17
19
16
19
19
21
18
18
13
22
28
16
21
14
19
15
22
13
30
19
25
24
18
19
26
14
20
21
26
16
16
23
29
18
16
13
18
31
19
14
19
16
27
13
25
16
14
14
19
25
25
15
20
19
16
18
16
18
24
17
23
16
17
24
19
22
23
19
21
17
13
20
24
22
18
18
21
12
17
10
18
19
20
22
18
10
14
12
29
21
18
20
29
30
18
17
16
20
13
29
20
26
30
15
23
25
19
21
18
26
16
20
18
20
17
17
18
18
27
15
22
29
14
20
22
27
22
20
18
14
16
19
24
14
17
26
25
22
32
11
15
28
22
27
30
22
22
14
28
16
17
11
24
18
19
26
19
22
16
18
23
24
14
19
19
25
17
20
21
17
21
21
16
21
16
11
21
7
21
27
26
25
20
15
18
14
27
28
22
29
19
19
22
18
13
19
26
22
23
23
21
19
11
26
13
23
22
19
24
18
20
16
19
19
22
18
21
21
27
20
18
22
15
19
20
15
17
18
19
16
16
11
21
11
25
26
18
15
15
16
16
15
19
15
18
22
15
27
19
21
14
15
24
14
23
16
20
16
26
21
23
22
19
21
15
16
18
21
13
21
24
24
23
24
30
18
22
17
19
15
26
18
22
22
21
16
20
17
17
17
21
27
16
18
20
17
20
18
21
17
12
24
23
22
19
21
23
13
19
22
12
17
22
17
26
16
19
11
16
23
29
21
23
22
29
15
23
24
14
29
19
23
15
15
19
30
25
15
18
17
21
19
23
22
20
24
19
15
8
19
14
15
23
25
18
20
23
20
18
21
14
20
18
22
22
21
28
20
27
20
16
18
21
22
21
23
20
19
17
17
16
16
22
23
27
14
18
18
32
25
18
19
19
25
20
17
24
24
19
18
22
9
14
18
24
21
14
23
19
19
20
22
19
14
21
27
22
16
20
16
19
21
22
24
13
17
24
24
18
25
23
16
25
23
15
12
21
20
23
20
20
14
18
22
18
22
17
14
11
20
20
23
12
26
14
21
19
23
21
22
23
21
18
14
22
23
16
15
24
21
10
19
17
18
14
24
19
16
24
14
18
18
19
28
21
17
18
15
20
22
20
22
20
21
20
29
13
22
24
19
17
23
13
23
18
16
24
19
28
28
17
24
14
19
24
16
18
21
17
19
19
19
18
14
24
24
24
13
19
25
16
20
11
27
18
16
20
20
21
19
17
22
24
17
19
24
26
15
16
24
23
17
22
20
17
33
21
31
20
13
22
18
28
20
21
15
19
17
23
17
16
17
22
20
25
28
18
17
23
20
17
16
16
24
25
17
22
18
17
19
28
26
27
24
20
24
21
21
16
24
15
23
16
18
14
19
17
15
24
24
12
18
16
19
23
14
21
24
24
21
17
19
23
13
20
14
21
21
20
18
15
18
18
17
21
11
20
17
15
18
26
16
22
18
19
19
19
23
24
20
17
31
20
21
16
24
24
20
18
20
23
29
18
29
26
17
23
24
22
22
18
17
20
28
23
21
22
24
23
17
16
19
21
25
14
18
18
15
12
14
17
26
13
21
9
21
19
18
17
25
17
8
22
25
20
21
24
23
18
22
20
22
11
17
29
15
12
20
10
19
17
28
21
11
15
19
22
19
22
11
25
18
14
19
26
20
21
22
15
30
15
17
21
24
24
25
21
20
26
24
14
21
15
20
17
14
17
25
19
21
22
25
27
17
22
28
28
14
27
22
26
16
20
23
22
21
14
14
26
26
24
17
22
21
18
20
29
10
16
23
12
20
16
20
20
26
23
18
23
15
17
30
24
20
19
24
23
25
28
18
25
23
17
25
10
21
29
15
25
22
21
23
16
21
16
12
34
24
17
11
17
15
22
20
17
20
20
19
28
17
9
14
18
25
23
20
17
24
21
25
18
17
16
19
23
19
18
18
22
23
22
27
17
17
22
24
24
18
24
29
23
21
18
21
18
21
24
20
17
27
13
19
29
15
11
17
12
17
25
18
24
21
23
27
15
26
27
18
17
21
22
15
30
22
12
24
16
20
18
21
26
24
34
23
15
13
23
24
18
20
24
18
19
26
29
17
20
15
19
24
20
16
16
19
16
21
27
22
19
31
22
20
15
22
15
16
8
14
12
19
21
28
15
12
20
12
15
21
18
16
16
24
18
22
18
29
20
23
28
17
26
22
17
26
19
20
20
9
17
21
23
20
17
17
27
32
27
19
20
15
26
22
22
24
16
18
21
18
21
21
